[407.0, 407.0, 407.0, 402.0, 406.0, 407.0, 406.0, 407.0, 402.0, 407.0, 407.0, 405.0, 403.0, 407.0, 406.0, 404.0, 407.0, 406.0, 407.0, 407.0, 407.0, 405.0, 406.0, 407.0, 407.0, 406.0, 407.0, 407.0, 406.0, 407.0, 405.0, 406.0, 405.0, 407.0, 395.0, 406.0, 398.0, 402.0, 405.0, 405.0, 405.0, 406.0, 407.0, 407.0, 403.0, 404.0, 405.0, 407.0, 405.0, 407.0, 407.0, 403.0, 401.0, 407.0, 407.0, 407.0, 407.0, 405.0, 407.0, 405.0, 405.0, 406.0, 407.0, 407.0, 406.0, 406.0, 406.0, 407.0, 406.0, 407.0, 402.0, 407.0, 407.0, 406.0, 403.0, 407.0, 407.0, 407.0, 407.0, 403.0, 405.0, 403.0, 406.0, 404.0, 405.0, 406.0, 407.0, 406.0, 406.0, 407.0, 406.0, 403.0, 405.0, 407.0, 405.0, 407.0, 407.0, 407.0, 406.0, 404.0]

[-602.0, -602.0, -602.0, -599.0, -601.0, -600.0, -601.0, -602.0, -600.0, -602.0, -593.0, -602.0, -602.0, -600.0, -602.0, -602.0, -599.0, -600.0, -602.0, -601.0, -602.0, -600.0, -602.0, -602.0, -600.0, -600.0, -601.0, -602.0, -600.0, -602.0, -602.0, -600.0, -602.0, -601.0, -602.0, -602.0, -600.0, -602.0, -602.0, -601.0, -600.0, -602.0, -600.0, -601.0, -600.0, -602.0, -600.0, -600.0, -601.0, -602.0, -600.0, -601.0, -600.0, -601.0, -600.0, -600.0, -601.0, -599.0, -601.0, -599.0, -599.0, -600.0, -602.0, -600.0, -600.0, -601.0, -594.0, -600.0, -602.0, -599.0, -602.0, -602.0, -601.0, -602.0, -602.0, -602.0, -601.0, -602.0, -602.0, -599.0, -602.0, -600.0, -602.0, -602.0, -602.0, -602.0, -602.0, -602.0, -602.0, -600.0, -602.0, -602.0, -602.0, -601.0, -602.0, -601.0, -600.0, -602.0, -597.0, -600.0]

[407.0, 407.0, 405.0, 407.0, 405.0, 405.0, 406.0, 405.0, 407.0, 406.0, 401.0, 405.0, 405.0, 405.0, 405.0, 406.0, 407.0, 407.0, 403.0, 404.0, 406.0, 406.0, 405.0, 407.0, 407.0, 407.0, 407.0, 405.0, 404.0, 403.0, 405.0, 401.0, 406.0, 406.0, 407.0, 404.0, 406.0, 404.0, 405.0, 406.0, 406.0, 405.0, 407.0, 399.0, 394.0, 407.0, 405.0, 405.0, 407.0, 405.0, 407.0, 405.0, 406.0, 407.0, 402.0, 407.0, 404.0, 406.0, 405.0, 403.0, 406.0, 407.0, 405.0, 403.0, 406.0, 399.0, 406.0, 403.0, 407.0, 405.0, 405.0, 405.0, 407.0, 407.0, 407.0, 404.0, 405.0, 405.0, 406.0, 405.0, 403.0, 405.0, 403.0, 407.0, 405.0, 406.0, 404.0, 402.0, 402.0, 407.0, 407.0, 406.0, 406.0, 407.0, 396.0, 407.0, 407.0, 405.0, 399.0, 405.0]

[-596.0, -602.0, -601.0, -599.0, -597.0, -601.0, -602.0, -600.0, -600.0, -601.0, -602.0, -598.0, -601.0, -599.0, -601.0, -598.0, -600.0, -597.0, -602.0, -600.0, -602.0, -602.0, -600.0, -597.0, -601.0, -601.0, -600.0, -602.0, -602.0, -602.0, -601.0, -600.0, -602.0, -600.0, -602.0, -602.0, -600.0, -602.0, -600.0, -602.0, -599.0, -602.0, -602.0, -602.0, -599.0, -599.0, -600.0, -602.0, -600.0, -599.0, -600.0, -601.0, -602.0, -600.0, -602.0, -601.0, -601.0, -602.0, -600.0, -596.0, -600.0, -602.0, -602.0, -592.0, -599.0, -601.0, -602.0, -602.0, -600.0, -598.0, -594.0, -602.0, -602.0, -600.0, -602.0, -600.0, -600.0, -602.0, -602.0, -602.0, -600.0, -600.0, -598.0, -602.0, -602.0, -602.0, -600.0, -602.0, -598.0, -600.0, -602.0, -600.0, -600.0, -598.0, -602.0, -600.0, -597.0, -600.0, -600.0, -602.0]














